
ICP精配准后的变换矩阵： 1转到0
  旋转矩阵R：
           1  -0.00037942  -0.000324072
    0.000379639  1  0.000676273
    0.000323815  -0.000676396  1
  平移向量T：    0  0  0
  收敛误差：16.2349

ICP精配准后的变换矩阵： 2转到1
  旋转矩阵R：
    0.999999  0.00120266  -0.00124571
    -0.00120638  0.999995  -0.00298937
    0.00124211  0.00299086  0.999995
  平移向量T：    0  0  0
  收敛误差：11.282

ICP精配准后的变换矩阵： 3转到2
  旋转矩阵R：
           1  0.000130193  0.000782446
    -0.000129669  1  -0.000669986
    -0.000782533  0.000669884  1
  平移向量T：    0  0  0
  收敛误差：11.4297

ICP精配准后的变换矩阵： 4转到3
  旋转矩阵R：
           1  0.000676044  0.000512593
    -0.000668822  0.999903  -0.0139598
    -0.000521981  0.0139595  0.999902
  平移向量T：    0  0  0
  收敛误差：12.5193

ICP精配准后的变换矩阵： 5转到4
  旋转矩阵R：
    0.999987  0.00033183  -0.00506388
    -0.000270932  0.999928  0.0120219
    0.0050675  -0.0120204  0.999915
  平移向量T：    0  0  0
  收敛误差：15.3165

ICP精配准后的变换矩阵： 6转到5
  旋转矩阵R：
    0.999999  0.000403128  -0.00111349
    -0.000401635  0.999999  0.00133992
    0.00111403  -0.00133947  0.999999
  平移向量T：    0  0  0
  收敛误差：1521.04

ICP精配准后的变换矩阵： 7转到6
  旋转矩阵R：
           1  0.000178711  0.000400111
    -0.000178807  1  0.000240324
    -0.000400068  -0.000240396  1
  平移向量T：    0  0  0
  收敛误差：23.1338

ICP精配准后的变换矩阵： 8转到7
  旋转矩阵R：
    0.999999  0.000169175  -0.00173919
    -0.000166384  0.999999  0.00160461
    0.00173946  -0.00160432  0.999997
  平移向量T：    0  0  0
  收敛误差：17.9451

ICP精配准后的变换矩阵： 9转到8
  旋转矩阵R：
           1  0  0
           0  1  0
           0  0  1
  平移向量T：    0  0  0
  收敛误差：1674.85

ICP精配准后的变换矩阵： 10转到9
  旋转矩阵R：
           1  0.000208158  -9.47187e-005
    -0.000208117  1  0.000429857
    9.48082e-005  -0.000429837  1
  平移向量T：    0  0  0
  收敛误差：1293.7

ICP精配准后的变换矩阵： 11转到10
  旋转矩阵R：
           1  0.000189888  -0.000422056
    -0.000189564  1  0.00076882
    0.000422202  -0.000768739  1
  平移向量T：    0  0  0
  收敛误差：4251.34

ICP精配准后的变换矩阵： 12转到11
  旋转矩阵R：
           1  -0.000169116  0.000189642
    0.000168828  0.999999  0.00151632
    -0.000189898  -0.00151629  0.999999
  平移向量T：    0  0  0
  收敛误差：1217.08

ICP精配准后的变换矩阵： 13转到12
  旋转矩阵R：
    0.999999  0.000235641  0.000959451
    -0.000230135  0.999984  -0.00573402
    -0.000960787  0.0057338  0.999983
  平移向量T：    0  0  0
  收敛误差：3.91912

ICP精配准后的变换矩阵： 14转到13
  旋转矩阵R：
    0.999996  0.002733  0.000354923
    -0.00273766  0.9999  0.013874
    -0.00031697  -0.013875  0.999903
  平移向量T：    0  0  0
  收敛误差：15.3008
